>>> oneSampleTTest(dwdf['freq'])
Ttest_1sampResult(statistic=12.190609455811037, pvalue=6.693123095501628e-23)

>>> ShapiroTest(dwdf['freq'])
{'stat': 0.30498600006103516, 'p': 1.1009673988626889e-21}

>>> DAgostinosK2Test(dwdf['freq'])
{'stat': 179.42562050855804, 'p': 1.091997264724757e-39}

>>> computeIQR(dwdf['freq'])
0.0

>>> uniVarClusterAnalysis(dwdf, plot=False)
{'labels': array([0]), 'centroids': array([[ 1., 10.,  2.,  2.,  1., 10.,  1.,  1.,  1.,  1.,  1.,  1.,  1.,
         1.,  1.,  1.,  1.,  1.,  1.,  2.,  1.,  1.,  1.,  1.,  1.,  2.,
         4.,  2.,  2.,  1.,  3.,  1.,  1.,  1.,  1.,  1.,  1.,  2.,  3.,
         1.,  1.,  2.,  1.,  3.,  1.,  1.,  1.,  1.,  1.,  1.,  1.,  1.,
         2.,  1.,  1.,  1.,  1.,  1.,  2.,  1.,  1.,  1.,  1.,  1.,  1.,
         1.,  1.,  1.,  1.,  1.,  1.,  1.,  1.,  1.,  2.,  1.,  1.,  1.,
         1.,  1.,  1.,  1.,  1.,  1.,  1.,  1.,  1.,  1.,  1.,  1.,  1.,
         2.,  1.,  1.,  1.,  1.,  2.,  1.,  1.,  3.,  1.,  1.,  1.,  1.,
         1.,  1.,  1.,  1.,  1.,  1.,  3.,  1.,  1.,  1.,  1.,  1.,  1.,
         1.,  1.,  1.,  1.,  1.,  1.,  1.]]), 'score': -0.0, 'silhouette_score': "Can't compute silhouette_score!"}

>>> chiSqTest(dwdf['freq'])
Power_divergenceResult(statistic=2.0, pvalue=0.8491450360846096)

--------------------
NEW ANALYSIS 
--------------------
https://scholar.google.com/scholar?hl=en&q=factors affecting Wi-Fi usage in urban and rural areas in India&as_ylo=0&num=400
0.0
{'stat': 12.190609455811037, 'p-value': 6.693123095501628e-23}
{'stat': 2.0, 'p': 0.8491450360846096}
{'stat': 0.30498600006103516, 'p': 1.1009673988626889e-21}
{'stat': 179.42562050855804, 'p': 1.091997264724757e-39}
{'labels': array([0]), 'centroids': array([[ 1., 10.,  2.,  2.,  1., 10.,  1.,  1.,  1.,  1.,  1.,  1.,  1.,
         1.,  1.,  1.,  1.,  1.,  1.,  2.,  1.,  1.,  1.,  1.,  1.,  2.,
         4.,  2.,  2.,  1.,  3.,  1.,  1.,  1.,  1.,  1.,  1.,  2.,  3.,
         1.,  1.,  2.,  1.,  3.,  1.,  1.,  1.,  1.,  1.,  1.,  1.,  1.,
         2.,  1.,  1.,  1.,  1.,  1.,  2.,  1.,  1.,  1.,  1.,  1.,  1.,
         1.,  1.,  1.,  1.,  1.,  1.,  1.,  1.,  1.,  2.,  1.,  1.,  1.,
         1.,  1.,  1.,  1.,  1.,  1.,  1.,  1.,  1.,  1.,  1.,  1.,  1.,
         2.,  1.,  1.,  1.,  1.,  2.,  1.,  1.,  3.,  1.,  1.,  1.,  1.,
         1.,  1.,  1.,  1.,  1.,  1.,  3.,  1.,  1.,  1.,  1.,  1.,  1.,
         1.,  1.,  1.,  1.,  1.,  1.,  1.]]), 'score': -0.0, 'silhouette_score': "Can't compute silhouette_score!"}

--------------------
NEW ANALYSIS 
--------------------

https://scholar.google.com/scholar?hl=en&q=factors affecting WiFi usage in urban and rural areas in India&as_ylo=0&num=400
0.0
{'stat': 17.15412276178507, 'p-value': 2.6615189625529684e-35}
{'stat': 2.0, 'p': 0.8491450360846096}
{'stat': 0.4379376769065857, 'p': 2.408032946184395e-20}
{'stat': 126.47087535160443, 'p': 3.4450724269442834e-28}
{'labels': array([0]), 'centroids': array([[1., 5., 7., 3., 4., 4., 4., 4., 4., 2., 2., 1., 1., 1., 1., 2.,
        2., 1., 1., 2., 1., 1., 1., 1., 1., 1., 1., 1., 1., 1., 2., 1.,
        2., 1., 2., 1., 1., 1., 1., 1., 1., 1., 1., 1., 1., 2., 1., 1.,
        1., 1., 1., 1., 2., 1., 1., 1., 1., 1., 2., 1., 1., 2., 2., 1.,
        1., 1., 1., 1., 1., 1., 1., 2., 1., 1., 1., 1., 1., 1., 1., 1.,
        1., 1., 1., 1., 1., 1., 1., 1., 1., 1., 1., 1., 1., 1., 1., 1.,
        1., 1., 1., 1., 2., 1., 3., 1., 1., 1., 1., 1., 1., 1., 1., 1.,
        1., 1., 1., 1., 1., 2., 1., 1., 1., 1., 1., 1., 1., 1., 1., 1.,
        1., 1., 1., 1.]]), 'score': -0.0, 'silhouette_score': "Can't compute silhouette_score!"}